1 M 48 A 1 1 1 1 1
2 M 29 A 1 1 1 1 1
3 M 59 P 1 1 1 1 1
4 F 56 P 1 1 1 1 1
5 M 33 P 1 1 1 1 1
6 M 61 P 1 1 0 1 1
7 M 63 A 0 0 1 . .
8 M 57 P 1 0 1 1 1
9 M 47 P 1 1 1 0 1
10 F 42 A 0 0 1 . 0
11 M 62 A 1 1 1 1 1
12 M 42 P 1 1 1 1 1
13 M 50 A 1 1 1 1 1
14 F 47 A 1 1 . . .
15 M 45 P 0 0 0 1 1
16 M 55 A 1 1 1 1 1
17 M 56 A 1 1 1 1 1
18 M 57 P 1 1 1 1 1
19 F 57 P 1 1 1 0 .
20 M 45 A 1 0 1 0 1
21 M 29 A 1 1 0 . .
22 F 51 A 0 0 1 1 0
23 F 65 P 1 1 0 1 0
24 F 50 A 1 1 1 0 1
25 M 65 A 1 1 1 1 1
26 F 58 P 1 1 0 0 0
27 F 62 A 0 1 1 1 1
28 F 35 A 1 1 1 1 1
29 M 28 A 1 1 1 1 1
30 M 41 A 1 1 1 . .
31 M 40 P 1 0 1 0 1
32 M 33 P 0 0 0 0 0
33 F 60 P 0 0 0 0 0
34 M 62 A 1 0 1 1 1
35 M 45 P 1 1 0 1 1
36 M 64 P 0 0 0 0 0
37 M 55 P 0 0 0 1 1
38 M 57 A 1 1 1 1 .
39 M 51 P 1 1 0 1 1
40 F 57 A 1 1 1 1 1
41 M 37 P 1 0 1 . 1
42 M 52 A 0 1 1 1 .
43 M 52 P 1 1 . 1 1
44 M 46 A 1 1 1 1 1
45 M 63 A 0 0 1 0 .
46 M 60 P 1 1 0 0 0
47 M 63 A 0 1 . 0 0
48 F 33 P 1 0 0 1 .
49 M 60 A 0 0 1 1 1
50 M 58 A 1 1 1 1 1
51 M 37 P 0 0 0 1 0
