1 2 120 130 150 120
2 1 80 80 86 90
3 2 60 80 60 60
4 1 64 80 80 88
6 2 50 70 70 70
7 2 80 75 90 85
8 1 40 50 50 50
9 1 70 90 110 100
10 2 80 95 80 85
13 2 75 65 65 70
15 1 70 80 95 110
17 2 58 55 60 64
19 1 70 60 70 80
20 2 60 60 80 60
21 1 50 80 90 90
22 2 80 90 75 85
23 2 95 90 94 90
24 1 40 60 60 65
25 2 300 300 300 300
26 1 175 170 210 230
27 1 165 215 245 265
29 1 175 178 215 215
30 2 75 80 95 105
31 2 209 220 200 215
34 1 178 165 180 185
35 1 220 220 189 158
36 2 200 200 200 210
37 2 150 140 160 150
38 1 90 146 140 130
39 2 300 305 300 300
40 1 140 146 150 158
41 2 200 245 222 210
42 1 300 300 300 300
43 2 172 170 170 150
44 1 238 235 240 260
45 2 158 140 151 150
46 1 110 120 115 120
47 2 150 160 168 139
48 1 150 165 150 160
49 2 55 60 65 55
50 1 155 150 170 185
51 2 130 130 128 125
52 1 55 60 70 88
53 2 135 154 140 170
54 1 200 230 220 240
55 2 115 95 105 110
56 2 215 210 220 240
57 1 130 155 170 175
58 2 150 140 176 163
59 1 95 98 100 116
61 2 130 101 93 120
62 2 135 120 144 135
67 2 40 45 55 48
72 2 60 60 55 58
73 2 210 228 210 222
74 1 215 230 243 245
75 2 265 275 255 271
79 1 225 220 250 235
