4.807294 70 23.69 1
5.487283 62 28.62 0
5.113192 69 42.51 0
4.755313 64 24.39 0
5.014627 65 21.9 0
4.925803 68 29.05 0
5.432848 70 34.45 0
4.797442 69 23.16 1
4.890349 61 30.26 0
5.393628 62 45.68 0
5.152135 72 22.18 0
4.818667 73 25.27 0
5.015954 52 24.15 1
5.033049 57 28.12 0
5.332719 57 37.41 0
4.526127 65 20.45 0
4.638605 62 34.55 0
4.813809 64 22.3 1
5.040841 50 23.63 0
5.107157 58 20.48 0
4.903792 66 28.52 0
5.129899 64 42.19 0
5.153292 64 24.95 0
4.780803 67 24.54 0
4.967032 74 29.86 0
4.757033 60 22.01 0
4.49981 64 24.71 0
5.043425 73 26.17 1
5.289277 60 35.3 0
5.297317 64 28.1 0
4.944495 67 29.96 1
5.248076 61 20.92 0
5.509388 53 23.73 0
4.821893 56 29.13 1
5.147494 58 28.85 0
4.972587 65 21.51 0
5.197391 67 24.59 0
5.411646 60 26.5 0
4.792479 68 22.17 1
5.422303 62 23.52 0
4.90082 62 27.24 1
4.89784 67 25.63 1
5.103518 68 25.74 0
5.396351 62 34.06 0
4.964242 55 35.86 0
4.927254 59 23.1 0
4.979489 55 23.66 0
5.275049 63 26.65 0
4.739701 64 27.48 1
4.54542 68 33.19 0
5.313206 58 28.72 0
5.018603 60 28.48 0
4.89485 68 17.31 0
4.999911 59 24.7 1
4.954418 66 20.44 1
5.075174 52 27.59 0
4.779123 68 38.79 0
5.156754 67 32.22 0
4.797442 66 28.21 1
4.862908 66 20.76 0
4.844187 68 25.55 0
4.601162 47 25.7 0
4.79082 66 29.8 1
5.363168 56 34.14 0
5.083886 67 27.37 0
5.334649 61 24.21 0
3.605498 57 27.74 1
5.06386 71 18.75 0
4.991792 71 27.49 0
5.84586 63 28.74 0
5.067646 68 26.51 1
5.285232 63 24.76 0
5.216022 77 19.59 0
4.869072 73 29.34 0
5.263726 72 24.07 0
4.566429 60 26.55 0
5.087596 69 37.78 0
5.335613 69 29.72 1
4.515245 60 38.31 1
4.720283 76 25.03 0
5.116795 76 31.47 1
5.03825 68 24.29 1
5.335613 60 29.43 0
4.601162 60 27.82 0
4.967032 51 27.06 0
5.221436 79 23.1 0
5.348059 61 28.3 0
4.864453 57 32.65 0
4.687671 69 45.99 1
4.79082 63 23.99 0
5.311234 58 39.38 0
5.378052 76 23.9 0
4.864453 53 26.79 0
5.161352 69 25.91 1
5.288267 61 34.02 0
4.917057 68 26.4 0
4.915592 48 25.71 0
4.94876 64 26.61 0
5.562987 62 33.91 1
5.287256 71 39.18 0
5.02782 66 24.71 0
4.813809 64 22.53 0
4.515245 75 22.42 0
5.357529 56 34.32 0
4.982236 72 24.46 0
5.01728 59 18.27 0
4.683981 64 32.42 1
4.584967 65 31.87 1
5.164786 69 34.25 0
4.587006 65 21.48 1
4.787492 75 31.6 0
4.896346 78 21.21 1
5.047289 54 28.72 0
5.102302 60 23.03 1
4.935912 60 33.65 1
4.799091 59 31.89 0
4.391977 57 26.92 1
4.935912 63 42.97 0
5.266827 56 22.72 0
5.212759 59 21.33 0
5.249127 62 33.25 0
4.770685 70 19.43 1
4.998563 67 32.48 1
5.081404 76 33.9 1
5.21167 65 39.32 0
4.59512 55 28.3 1
4.784153 59 30.79 0
4.994506 78 30.19 0
5.212759 54 37.88 0
4.661551 61 24.13 1
4.940213 61 28.2 0
4.452019 72 20.71 0
5.187386 73 34.35 0
5.003946 56 32.53 0
4.727388 63 30.73 1
5.053695 51 25.29 0
4.998563 62 29.37 0
4.888844 77 27.3 1
5.025195 72 25.4 0
4.873669 62 34.45 0
4.879767 68 21.48 1
4.983607 56 26.74 1
5.092522 59 29.71 1
4.969813 67 26.82 0
4.330733 61 20.86 1
4.994506 57 24.45 0
5.296315 79 21.67 1
4.784153 72 21.66 0
5.210578 62 26.93 0
5.091293 72 26.14 0
4.452019 79 29.08 1
5.305293 72 28.81 1
4.435567 65 20.27 0
5.363168 65 25.42 0
5.271973 63 28.92 0
4.693181 77 31.97 1
4.817051 68 39.1 1
5.283204 55 27.66 1
4.576771 78 21.29 0
4.845761 68 32.34 1
5.104733 77 30.74 0
4.521789 70 24.75 0
5.115596 68 20.02 0
5.671259 77 26.93 1
4.867534 57 24.59 0
5.06006 71 24.74 0
4.770685 59 33.8 0
4.914124 78 39.29 0
4.609162 72 26.21 1
5.092522 75 27.7 0
4.820282 70 33.86 0
4.982236 67 27.9 0
5.136974 68 27.55 0
4.986343 69 26.06 0
5.078917 72 32.64 0
5.149817 64 35.34 1
5.349961 71 35.37 1
4.785824 64 26.92 0
4.815431 76 27.95 1
5.067646 59 28.93 0
4.665324 67 33.36 1
5.273 67 30.4 0
4.807294 76 25.11 0
4.825109 65 20.11 1
4.986343 57 19.2 1
5.302309 61 39.26 0
4.239887 61 29.87 0
4.872139 67 30.18 0
4.870607 63 22.59 1
5.082646 78 24.82 0
5.046002 53 24.31 0
4.957235 62 26.78 1
5.077671 67 24.46 1
5.080161 66 26.64 0
4.804021 66 32.09 1
4.382027 63 48.14 1
5.180659 72 23.04 0
5.245971 57 29.44 0
4.94734 69 28.62 1
5.117994 69 26.44 1
4.933034 73 22.9 0
4.837868 76 22.03 0
4.734443 75 23.54 1
5.436339 78 25.73 0
4.924351 71 29.58 1
4.674696 78 25.59 0
4.558079 72 34.09 1
4.954418 73 21.93 0
5.077671 67 40.54 0
4.842611 72 22.97 0
5.085124 75 24.71 0
4.53903 59 28.08 1
4.634729 72 27.05 1
5.316157 77 20.69 0
4.914124 77 29.19 1
5.098646 51 16.68 0
4.881286 78 34.24 0
5.252273 63 26.76 0
4.982236 69 28.6 0
4.972587 69 23.51 0
4.94734 67 28.61 0
5.630495 71 24.22 1
4.890349 70 29.36 1
4.94307 62 34.88 0
4.729156 67 21.84 0
4.885828 68 32.37 0
4.739701 72 26.44 1
4.885828 60 25.17 0
4.815431 61 27.11 1
4.876723 72 26.98 1
4.865995 60 27.19 0
4.85515 68 19.5 1
4.702297 65 25.2 0
5.201806 69 24.9 0
5.014627 66 23.77 1
5.076423 66 21.52 0
4.972587 72 23.5 0
4.532599 74 25.68 0
5.002603 65 26.17 1
4.815431 71 31.65 1
4.70048 76 23.13 1
4.94876 59 21.53 1
4.237001 62 20.95 0
5.02782 70 34.35 0
5.296315 74 35.9 0
4.873669 69 20.13 0
5.301313 73 31.09 0
5.431974 73 19.14 0
4.551769 66 19.84 0
4.812184 69 28.2 1
4.867534 59 36.36 0
4.689511 69 22.44 1
5.385412 59 24.69 0
5.191845 66 35.33 0
4.979489 65 31.21 0
4.823502 60 22.72 1
5.233245 64 24.75 1
5.051137 59 23.43 0
4.603168 72 22.07 0
5.305293 74 30.3 0
4.751865 63 28.9 0
4.805659 59 35 1
4.999911 65 30.17 1
4.821893 62 19.74 1
4.828314 79 29.84 1
5.342334 68 32.44 0
4.842611 62 24.99 1
4.906755 68 35.02 0
4.568506 63 25.59 1
5.138149 74 18.76 1
4.55598 78 35.52 1
4.99315 76 31.15 0
5.322034 69 27.94 1
5.003946 79 24.18 0
5.129899 58 33.7 0
4.875197 74 26.2 0
5.236442 62 21.95 0
4.763882 77 24.23 0
4.730921 73 23.57 1
4.893352 69 28.62 0
4.914124 64 36.62 0
4.944495 69 20.02 0
4.730921 67 27.42 0
5.073923 68 25.83 0
5.296315 63 27.66 0
4.964242 61 24.98 1
5.056246 62 28.95 0
4.582925 72 32.14 0
4.632785 75 29.27 1
5.379897 79 29.83 0
5.284218 79 29.2 0
5.092522 65 24.54 1
5.25541 66 26.7 0
5.308268 76 32.46 0
4.725616 63 22.55 0
4.878246 79 18.81 0
4.858261 68 28.14 0
4.979489 64 25.07 1
5.007965 69 31.64 0
5.900445 67 24.89 1
4.884316 66 29.66 0
4.74667 72 30.19 1
4.858261 79 33.83 0
5.116795 66 24.96 0
4.696837 78 20.96 0
5.114395 71 22.01 0
5.126342 73 27.59 0
5.212759 78 25.06 0
4.953006 70 32.68 0
4.867534 64 27.9 0
5.185149 79 28.58 1
4.890349 68 31.08 0
4.967032 75 21.59 1
4.982236 65 26.16 1
4.707727 67 42.2 1
5.115596 61 36.07 0
5.241747 60 35.4 0
5.390897 75 34.16 0
4.937347 70 26.82 0
4.504244 70 21.3 1
5.057519 63 32.1 0
5.21167 72 22.86 0
4.935912 69 25.88 0
5.087596 71 25.67 1
5.132263 69 33.68 0
5.187386 65 24.92 0
4.912655 75 32.37 0
5.161352 69 24.68 0
5.056246 68 26.17 0
5.131081 77 24.41 0
5.104733 65 25.58 0
5.108367 63 34.93 1
5.370638 70 31.65 0
4.85515 67 26.45 1
5.02913 75 30.31 0
4.490881 55 22.11 0
5.251226 71 19.02 0
5.110782 76 23 0
4.872139 61 20.51 0
5.06006 67 32.87 1
4.689511 68 27.82 0
5.078917 62 36.35 0
5.091293 65 37.22 0
5.007965 70 30.78 1
5.443283 68 28.46 1
4.777441 65 28.82 1
5.115596 71 28.6 1
4.85203 73 38.48 0
5.25541 73 34.2 0
4.903792 79 33.24 0
5.307277 71 21.45 0
4.853592 68 34.72 0
4.89485 71 25.34 1
4.755313 74 40.64 0
4.903792 70 27.04 1
4.560173 73 21.47 0
4.980863 68 31.04 0
5.415211 73 25.23 0
5.097424 73 30.44 0
4.720283 76 21.04 0
5.167069 73 25.85 1
5.248076 71 31.21 0
4.839451 67 24.62 0
5.224671 70 29.87 0
4.784153 70 32.12 0
4.689511 62 30.6 1
4.670958 70 39.95 1
4.797442 68 24.56 1
4.693181 58 19.6 0
4.678421 61 36.84 1
4.628887 62 23.6 1
4.818667 55 27.25 1
5.128715 61 24.82 0
5.52306 71 24.51 0
5.285232 62 27.82 0
5.133443 73 33.04 0
5.160204 65 26.17 0
4.379524 55 25.32 1
5.301313 51 27.44 0
5.386328 68 25.96 1
5.233245 61 31.84 0
4.800737 68 27.32 1
4.99586 64 23.02 1
5.132263 63 35.11 0
5.092522 66 25.38 1
5.035653 73 23.91 0
4.873669 66 46.77 1
5.468904 68 26.03 0
5.119191 71 25.25 0
4.696837 68 24.46 1
4.741448 57 17.64 0
4.919981 66 28.42 1
5.048573 67 30.61 0
5.170484 60 34.44 0
5.139322 67 28.76 0
4.64823 68 20.95 1
5.015954 61 26.8 1
5.120386 69 21.67 1
4.961445 69 23.31 0
5.147494 44 36.32 0
4.971201 53 29.9 0
4.847332 74 41.83 0
5.360353 64 28.75 0
5.052417 61 32.59 0
4.794136 68 27.95 1
4.95864 69 23.88 0
4.899331 64 28.56 0
5.224671 58 32.76 0
4.591071 70 31.94 1
5.603594 71 26.09 0
4.841033 60 35.09 1
4.829912 75 30.81 0
5.358471 54 39.18 0
5.320079 65 39.85 0
5.081404 74 26.01 0
5.082646 61 23.75 0
4.739701 58 29.89 1
4.772378 66 23.27 1
5.180659 73 23.58 0
4.652054 70 28.5 0
5.585749 54 25.47 0
5.141664 68 27.95 0
4.736198 78 28.25 1
5.062595 71 37.82 0
4.954418 57 31.65 1
4.903792 58 29.91 0
4.899331 66 26.37 1
5.077671 53 22.75 0
4.821893 71 27.27 0
4.862908 62 22.54 1
5.298317 68 27.91 1
5.396351 57 29.5 0
5.209486 65 28.84 0
4.893352 72 20.9 0
4.624973 62 28.62 0
5.42495 61 30.76 0
4.797442 72 37.26 1
4.650144 57 21.12 0
4.986343 76 32.53 1
5.057519 57 28.49 1
5.102302 58 30.02 1
4.638605 75 30.38 1
4.626932 71 24.98 1
4.975353 70 36.04 0
5.637643 64 25.56 1
4.990433 72 35.85 0
5.134621 63 36.38 0
5.078917 57 29.3 0
5.109575 77 21.78 1
4.640537 68 25.99 1
4.734443 79 26.79 0
5.03825 66 34.86 0
5.009301 68 24.7 1
4.268298 75 25.81 0
4.758749 76 23.26 0
4.975353 70 24.57 0
5.281171 69 34.48 1
5.306286 68 36.32 0
5.122773 67 23.8 1
4.875197 69 22.42 1
4.768988 68 22 0
4.938781 57 28.44 1
4.885828 72 29.62 1
4.680278 75 28.92 1
5.09375 73 28.3 0
5.375278 61 29.92 0
5.057519 72 30.94 1
5.35091 70 38.09 0
4.912655 64 29.67 1
5.162498 78 19.71 0
4.978112 68 34.37 0
4.919981 75 33.22 1
5.245971 58 26.72 1
5.049856 75 21.67 0
5.096201 77 29.69 1
4.574711 67 33.2 1
5.284218 72 18.4 0
5.132263 75 26.8 0
4.805659 68 49.02 0
5.097424 67 18.6 0
4.831509 72 24.44 0
5.213848 75 31.06 0
5.288267 72 27.72 0
5.082646 49 31.03 0
5.147494 63 40.65 0
5.264761 60 24.1 0
4.914124 61 52.47 0
4.839451 71 27.1 0
5.078917 71 26.01 1
5.071417 72 24.52 1
4.911183 75 28.36 0
4.930148 73 27.27 0
4.807294 68 33.5 0
4.862908 65 22.14 1
4.951593 56 25.85 0
5.015954 73 25.95 0
4.953006 73 21.34 1
5.002603 75 23.37 0
4.490881 73 34.82 0
4.885828 73 22.67 0
5.195177 64 28.33 0
5.561451 63 23.46 1
5.042134 71 32.92 1
4.442651 75 26.82 0
5.150977 68 32.68 0
5.377129 66 31.43 1
4.8489 66 27.86 0
5.623295 60 32.93 1
4.723842 75 21.15 1
4.587006 63 31.97 1
5.015954 64 23.07 0
4.95864 53 28.04 1
5.134621 71 23.54 0
4.682131 68 24.07 1
5.157905 70 19.43 0
5.365041 79 27.59 0
4.91852 54 38.91 0
4.636669 61 26.78 1
5.036953 77 23.43 0
5.065123 59 26.36 0
4.94307 66 32.05 0
4.665324 73 27.44 0
4.521789 67 28.62 1
4.530447 54 24.44 1
4.799091 65 24.47 0
4.716712 70 27.93 0
4.67656 60 36.25 1
4.810557 59 29.39 0
4.964242 63 23.49 0
4.655863 67 27.58 1
4.881286 75 22.83 0
5.03825 71 40.7 1
4.85515 70 26.06 0
4.890349 71 28.48 1
5.258536 69 34.61 0
5.245971 64 22.33 0
4.976734 71 20.58 0
4.8489 71 34.01 0
5.35091 61 46.49 1
5.185149 72 29.9 1
4.911183 79 34.4 0
4.94307 61 26.83 1
5.067646 74 27.24 1
4.725616 71 24.51 1
4.689511 73 28.28 1
5.02782 74 26.77 0
4.962845 69 22.07 0
4.64823 67 32.23 0
4.71133 71 24.48 0
4.490881 68 33.81 1
4.736198 75 33.53 0
4.578826 75 20.81 0
5.052417 69 47.94 1
5.141664 72 34.64 0
5.153292 73 24.83 1
5.091293 76 25.11 0
4.896346 68 30.81 1
5.209486 70 26.52 0
4.693181 69 29.64 0
5.103518 67 39.53 0
4.850467 74 24.76 0
5.013298 72 32.17 0
4.528289 70 33.52 1
4.962845 74 27.08 0
5.056246 62 24.63 1
5.163642 64 38.27 0
5.085124 63 18.78 1
4.449685 64 40.37 0
4.70048 71 21.37 0
4.810557 70 32.2 1
4.906755 75 24.2 1
5.499624 62 28.93 0
5.237505 63 22.29 0
5.241747 66 26.75 1
4.810557 61 31.06 1
4.873669 73 29.55 0
5.257495 69 34.24 1
5.285232 63 33.31 0
5.17615 69 20.38 0
4.859812 58 35.72 1
5.248076 68 23.32 0
4.732684 72 30.98 0
4.804021 66 33.02 0
4.795791 58 33.8 0
5.035653 65 27.91 0
4.973971 46 20.84 1
4.696837 75 21.27 0
5.315174 58 31.91 0
4.767289 69 23.93 1
4.626932 70 23.16 1
4.873669 59 29.17 1
4.831509 66 23 1
4.933034 67 28.45 1
5.049856 67 31.96 1
4.445001 73 23.3 0
4.698661 66 42.63 1
5.036953 61 21.17 0
4.826712 64 28.53 1
4.967032 60 27 0
5.270946 58 37.08 0
5.25541 76 22.84 0
4.828314 64 33.39 0
4.64823 77 22.6 0
5.17615 70 26.46 0
5.013298 65 30.63 0
5.443283 65 35.61 0
4.94734 53 33.78 0
5.491414 70 21.74 0
4.990433 64 22.98 0
5.437209 74 24.33 0
4.917057 66 22.03 0
4.696837 57 25.55 1
4.713127 70 29.44 1
5.168209 72 35.56 0
5.332719 66 25.4 0
4.772378 63 31.84 1
4.94734 74 40.54 0
4.94734 56 31.97 1
4.62301 59 26.42 0
4.572647 63 25.91 1
5.09375 70 33.31 0
5.275049 57 34.7 0
4.634729 59 27.21 1
5.140493 68 23.72 0
4.826712 64 21.25 0
4.965638 74 23.4 1
5.240688 62 33.47 0
4.74667 76 25.22 0
4.837868 65 21.8 0
5.071417 68 27.18 0
5.252273 55 24.95 1
4.777441 69 30.53 1
4.905275 66 36.07 1
4.696837 70 21.33 0
4.67656 59 30.05 0
5.213848 67 33.19 1
4.896346 60 27.98 1
5.082646 79 29.65 0
5.114395 62 23.8 1
5.022564 77 20.38 0
4.844187 77 24.33 0
5.09375 55 33.89 1
5.299317 74 23 1
4.636669 70 22.1 0
5.091293 68 22.02 1
4.805659 71 27.04 0
5.597681 58 37.73 0
4.820282 61 23.63 0
4.437934 61 21.35 0
4.682131 69 20.88 1
4.938781 61 30.94 1
4.470495 58 24.82 1
4.844187 65 21.71 0
5.409859 55 29.45 0
4.725616 67 29.9 1
5.053695 68 25.81 0
4.661551 73 21.72 0
5.478136 71 20.83 0
4.730921 64 27.21 1
4.839451 65 17.45 0
4.94876 65 38.58 0
4.864453 64 27.33 0
5.02782 59 31.6 1
5.581991 67 35.75 0
4.969813 75 23.31 1
4.836282 58 25.81 1
5.257495 66 29.42 0
4.982236 73 29.93 0
4.950177 76 23.97 0
4.821893 73 30.57 1
4.757033 79 31.33 1
4.983607 79 26.23 0
5.207298 69 24.06 0
4.543295 73 28.18 0
4.950177 70 32.26 0
4.973971 68 24.57 1
4.670958 58 23.88 1
5.048573 73 24.15 0
4.748404 59 24.43 0
4.931592 67 24.62 0
5.049856 72 23.43 1
4.75359 64 25.04 1
4.94876 61 32.87 1
5.386328 61 34.4 1
4.987708 62 25.68 0
4.210645 64 25.68 0
4.875197 73 27.78 1
4.833102 59 38.98 0
5.092522 71 18.98 1
4.642466 67 36.57 0
4.578826 74 27.67 0
4.905275 71 24.86 1
4.566429 75 23.05 0
4.925803 72 30.12 0
4.797442 72 27.16 0
5.265794 67 31.7 0
4.792479 64 30.34 1
4.982236 58 31.05 1
4.638605 60 29.33 1
5.034352 72 27.21 0
5.018603 72 24.38 0
5.107157 63 27.64 1
4.435567 67 24.2 1
4.998563 66 30.9 0
5.05879 57 30.48 0
4.876723 78 27.35 0
5.102302 75 22.92 0
5.147494 54 28.9 0
5.360353 68 40.35 0
5.06006 60 26.87 1
4.755313 55 36.47 0
5.070161 58 40.91 0
4.650144 68 32.84 1
5.212759 67 23.55 0
4.720283 61 27.55 0
4.940213 69 21.97 0
4.70953 61 27.89 1
5.035653 65 27.6 1
4.89784 75 16.21 1
5.097424 69 24.47 0
5.417877 73 21.89 0
4.547541 61 33.01 1
4.589041 74 27.7 0
4.768988 63 27.23 1
5.168209 74 26.42 0
5.02913 74 26.21 0
5.120386 68 36.98 0
5.086361 71 31.87 0
4.978112 65 33.87 0
4.820282 66 25.24 0
4.553877 72 25.84 0
4.693181 68 21.84 0
5.213848 56 28.08 0
4.94307 69 29.45 0
5.078917 69 36.99 0
4.933034 72 24.9 1
4.736198 62 37.8 0
4.976734 70 26.45 0
5.337538 64 33.59 0
4.698661 72 27.55 1
5.077671 63 36.1 0
4.758749 63 23.16 0
4.55598 75 26.22 1
4.582925 66 19 1
5.011968 72 22.14 0
4.449685 71 30.63 1
5.194067 73 22.66 0
4.242765 70 22.06 1
4.682131 78 23.81 1
4.335983 73 17.85 1
5.247024 60 24.06 0
4.549657 77 21.09 0
5.078917 69 26.25 1
4.449685 67 23.67 1
4.813809 67 31.09 0
4.941642 77 26.84 1
4.787492 69 24.24 1
4.8489 75 26.71 0
4.67656 79 29.02 1
5.123964 68 23.51 0
4.933034 57 28.87 1
5.256453 73 30.71 0
5.17162 75 27.55 0
4.732684 74 29.28 0
4.797442 73 33.96 1
4.723842 63 21.96 1
4.369448 58 31.17 1
5.292299 69 31.51 0
4.517431 67 26.86 0
4.784153 68 25.89 1
5.416989 61 27.51 0
5.204007 70 25.16 0
5.068904 66 24.45 1
4.919981 59 35.69 0
5.104733 68 24.44 0
4.938781 60 29.49 0
4.909709 67 26.3 1
4.41401 45 31.2 1
4.964242 61 24.64 0
4.89784 68 28.62 0
4.973971 63 26.04 1
4.477337 64 22.14 1
5.013298 64 27.55 0
4.4613 61 31.24 1
5.025195 59 27.03 0
4.965638 63 22.86 0
4.488636 57 27.51 0
4.887337 70 35.92 0
4.792479 68 28.04 1
4.969813 61 25.3 1
5.114395 57 27.42 0
5.181784 67 28.08 0
4.978112 69 24.53 0
4.817051 70 24.44 1
4.807294 71 33.23 0
5.126342 69 30.44 0
4.890349 55 27.43 0
4.659658 74 34.38 1
4.713127 60 25.21 0
4.862908 72 28.11 0
4.777441 66 31.69 0
5.200705 68 29.53 0
4.94307 75 20.13 0
5.225747 65 54.13 1
4.875197 59 24.39 0
4.982236 64 31.25 1
4.720283 61 31.71 1
4.760463 59 19.83 1
5.047289 62 27.07 0
4.497585 60 30.44 1
4.652054 62 35.67 1
4.644391 68 38.1 1
5.44846 58 33.55 0
5.036953 52 26.47 0
4.85203 67 30.44 0
4.789157 68 25.07 1
4.869072 72 28.31 0
5.018603 59 29.77 0
4.774069 62 22.23 1
4.853592 64 24.36 1
4.732684 64 27.03 1
4.833102 65 39.9 1
4.934474 61 22.43 1
4.70953 63 39.66 1
4.785824 56 29.93 0
5.267858 68 28.28 1
4.399375 54 29.57 0
4.90082 66 26.64 1
4.945919 60 30.25 1
5.307277 69 30.48 0
5.067646 74 23.92 1
5.292299 56 34.15 1
4.782479 64 25.89 0
4.867534 69 28.76 1
5.001258 66 34.49 1
4.927254 70 22.6 0
5.036953 69 26.64 0
4.980863 71 22.51 0
5.015954 46 46.26 0
5.493884 57 39.58 0
4.887337 66 19.97 0
4.463607 69 25.37 1
5.391808 58 39.29 0
4.902307 61 28.32 0
4.765587 64 28.35 0
4.670958 64 28.81 1
5.249127 73 31.23 0
5.269918 70 36.36 0
4.984976 60 29.14 0
4.67656 48 31 0
4.777441 63 30.04 1
5.248076 59 40.24 1
4.8489 72 26.66 0
5.178407 63 35.51 0
4.663439 75 26.89 1
5.422303 56 30.16 0
4.978112 69 25.48 0
5.198497 66 27.44 1
4.971201 67 36.22 0
4.896346 60 28.2 0
5.44846 64 33.09 1
4.481872 77 26.44 0
4.787492 68 27.14 1
4.661551 64 20.58 0
4.933034 68 18.83 0
5.015954 66 22.11 0
5.352806 61 31.87 1
4.937347 79 22.63 0
4.536891 69 40.31 1
5.169347 74 29.52 1
5.044715 78 21.25 0
4.779123 72 32.08 1
5.019925 68 24.91 0
4.785824 66 25.8 1
5.071417 72 24.4 0
4.99315 72 27.19 1
5.019925 73 26.09 0
5.372497 62 23.7 1
5.023881 57 26.5 0
4.720283 74 20.54 0
4.842611 72 38.57 1
4.859812 72 26.96 0
4.768988 73 38.47 0
4.967032 62 28.37 0
4.718499 73 23.83 1
4.969813 64 32.15 0
5.403578 64 23.87 1
5.086361 69 21.5 0
5.276072 68 28.81 0
5.001258 60 21.7 0
4.727388 75 20.12 1
5.194067 61 25.15 0
5.136974 73 34.77 0
5.026509 77 34.88 0
5.128715 77 27.33 0
4.915592 65 23.95 0
4.922896 77 27.41 0
5.034352 56 22.26 0
5.05879 73 28.72 1
4.836282 53 26.75 0
4.551769 72 24.22 1
5.308268 65 37.93 0
4.847332 77 22.31 0
5.025195 51 33.8 1
5.334649 64 29.72 1
4.71133 50 28.41 0
4.853592 67 35.21 1
4.991792 69 30.47 0
4.517431 68 29.64 1
4.862908 72 37.14 1
5.218191 71 38.05 0
5.078917 65 35.04 0
5.056246 70 23.35 1
4.808927 69 24.12 1
4.978112 68 26.51 0
4.980863 73 28.91 1
5.302309 67 36.55 1
5.026509 76 27.79 1
4.94876 75 22.48 1
4.591071 68 24.52 1
4.872139 73 26.77 1
4.933034 61 35.13 1
4.784153 62 32.05 0
5.043425 57 31.12 0
5.396351 61 25.72 0
4.864453 70 27.47 0
4.99586 53 29 0
4.983607 57 26.21 0
5.42495 67 30.79 0
4.864453 55 26.74 1
4.869072 63 32.97 0
4.885828 72 33.12 1
5.025195 75 32.75 1
4.564348 67 28.81 1
4.79082 63 24.76 0
5.030438 64 23.79 0
4.837868 66 30.82 0
4.984976 64 30.74 0
5.155601 60 36.43 0
5.103518 56 23.09 0
5.168209 58 48.59 0
5.082646 51 34.23 0
5.022564 64 33.05 1
5.048573 56 27.26 0
4.821893 74 26.14 0
4.847332 72 29.03 0
4.757033 66 21.89 1
5.128715 75 22.23 0
4.964242 74 37.89 0
5.085124 73 37.59 0
5.202907 58 26.95 0
4.782479 74 24.98 0
5.198497 61 28.95 0
4.820282 68 22.9 1
4.317488 62 28.08 1
5.235378 64 32.04 0
4.869072 69 32.28 0
4.990433 65 31.47 1
5.042134 59 21.97 0
5.297317 46 29.43 0
4.896346 66 22.7 0
5.146331 65 45.71 1
4.782479 65 27.28 1
4.990433 59 19.73 0
4.962845 62 34.27 0
5.067646 73 26.3 1
4.917057 61 26.88 0
4.89485 70 36.31 0
5.111988 74 28.96 1
4.80238 64 19.98 0
5.136974 59 24.37 0
4.879767 54 27.21 1
5.054971 65 31.73 0
5.102302 69 23.46 0
4.59512 58 19.96 0
4.927254 61 26.17 0
4.591071 74 27.5 1
5.094976 69 30.08 1
4.961445 73 27.38 1
4.725616 74 31.93 1
5.062595 72 32.82 0
4.858261 55 44.61 1
4.484132 59 21.42 1
4.99586 65 19.19 0
4.861362 64 39.21 0
5.02913 71 38.51 0
4.685828 67 24.07 1
4.751865 65 27.2 0
5.139322 63 29.55 0
5.293305 73 31.42 0
5.09375 68 34.16 0
5.249127 68 35.35 0
5.323985 63 35.16 0
4.934474 69 22 0
4.967032 65 27.49 0
4.743191 61 34.93 0
4.574711 58 35.64 1
4.940213 75 29.95 1
5.135798 65 28.47 0
5.173887 57 26.53 0
5.006627 62 26.88 0
4.490881 64 20.81 0
4.713127 63 22.45 0
5.096201 63 19.83 0
4.912655 68 22.98 1
4.725616 60 38.71 1
5.285232 64 36.56 0
4.416428 68 25.67 0
5.056246 59 22.75 0
4.67656 71 28.17 0
5.08883 54 40.99 0
4.994506 61 24.44 0
4.624973 74 31.23 0
5.086361 71 21.96 0
4.795791 66 25.94 0
4.541165 53 29.09 0
5.022564 51 36.73 0
4.510860 54 19.98 0
4.85515 61 26.79 0
5.860216 58 26.22 0
5.082646 72 27.1 0
5.05879 64 28.33 1
5.048573 69 24.07 0
4.882802 60 30.54 0
4.685828 75 29.72 1
4.201703 59 24.82 0
4.767289 63 29.62 0
4.893352 69 39.22 0
5.02913 58 33.16 0
5.003946 64 31.36 0
5.483967 62 34.44 1
4.640537 61 20.79 1
5.031744 59 26.77 0
4.245634 69 21.63 0
4.45667 66 25.42 1
4.799091 57 28.45 1
4.965638 62 24.11 1
5.134621 63 29.66 0
4.925803 65 31.56 1
5.119191 58 29.36 0
5.040841 70 24.33 0
5.033049 62 23.42 0
5.061328 69 35.15 0
4.813809 64 29 0
4.521789 60 27.63 1
4.53903 66 28.67 1
5.368776 62 34.02 0
4.67656 62 25.7 1
4.479607 54 24.32 0
5.216022 60 38.46 0
4.64823 66 33 1
4.887337 73 37.33 0
4.902307 72 38.19 0
5.180659 68 31.95 1
4.70048 72 23.22 0
4.858261 74 19.55 0
4.902307 64 29.1 0
4.737951 79 22.07 1
4.574711 60 27.01 1
4.484132 67 29.11 1
5.252273 56 30.74 0
5.076423 72 35.29 1
4.762174 73 31.67 0
4.845761 69 24.42 1
5.559912 62 43.29 1
4.885828 50 28.12 0
4.394449 71 26.82 1
4.813809 69 32.72 1
4.917057 59 41.1 0
4.707727 77 36.28 1
4.807294 60 37.62 1
4.821893 70 20.3 1
4.528289 73 30.02 1
5.140493 64 31.88 1
5.12158 61 37.23 0
5.220356 72 26.8 0
4.574711 73 27.17 1
5.199601 69 26.19 0
5.123964 58 26.56 0
4.853592 66 29.05 1
5.098646 69 29.57 1
5.136974 62 30.63 0
4.716712 70 31.51 1
5.070161 69 28.72 0
5.180659 56 29.86 0
5.036953 59 32.2 1
4.695011 78 21.57 0
5.115596 70 23.15 1
4.762174 60 35.66 0
4.99586 67 34.78 0
4.391977 59 36.92 0
4.967032 66 32.07 0
4.989071 55 35.79 0
4.678421 61 36.09 1
5.035653 67 30.07 0
4.589041 71 28.29 0
4.607168 64 39.39 1
5.323985 65 31.48 0
5.014627 77 25.13 1
4.982236 67 34.15 0
4.723842 53 45.04 0
4.665324 78 25.51 1
5.216022 69 31.13 0
5.154447 61 31.35 0
5.097424 61 20.55 0
4.841033 54 38.87 0
4.502029 66 29.16 1
4.695011 58 25.18 1
4.967032 57 29.45 0
4.52396 59 26.15 1
4.41401 55 37.84 0
4.789157 77 28.64 1
4.933034 53 32.43 0
4.864453 64 35.52 0
5.109575 60 37.91 0
5.108367 57 39.69 0
5.070161 73 28.93 1
5.087596 75 27.43 0
5.17615 71 29.3 0
4.739701 68 23.59 1
5.287256 58 23.1 0
4.785824 72 21.16 0
5.116795 79 23.34 0
4.823502 77 25.42 1
5.092522 72 32.21 0
4.881286 52 40.06 0
4.71133 74 25.05 1
4.713127 73 27.3 1
5.125154 70 24.56 1
5.210578 70 28.27 0
5.02782 60 40.02 1
4.919981 54 25.71 0
4.760463 66 25.68 1
4.70048 69 24.13 1
4.687671 70 34.83 1
5.168209 61 22.93 0
4.70411 52 27.98 1
4.770685 62 27.35 1
4.725616 73 31.49 0
4.960044 68 30.25 1
4.924351 70 22.85 1
5.187386 69 27.5 0
4.591071 74 24.08 1
5.250177 73 28.3 0
4.750136 65 23.35 0
5.261653 69 27.85 1
4.758749 64 39.6 0
5.003946 67 32.85 0
4.893352 76 30.23 1
4.301359 68 26.88 0
5.03825 73 41.35 0
4.644391 61 25.97 1
4.609162 66 36.74 0
4.94307 67 33.24 0
4.841033 75 25.74 0
4.861362 79 27.32 0
5.399067 76 24.74 0
5.303305 79 20.84 0
4.91852 77 35.16 0
5.109575 76 22.54 1
4.689511 62 24.4 1
4.884316 48 31.17 1
5.01728 46 40.62 0
5.153292 59 39.26 0
4.716712 75 17.51 0
5.425831 59 40.78 0
5.129899 54 29.27 0
4.758749 76 34.23 1
4.351567 58 25.76 1
5.321057 57 42.51 0
4.968423 56 26.22 0
5.01728 54 29.49 1
4.817051 58 28.74 0
5.039547 71 26.46 0
5.102302 64 25.28 0
4.976734 53 19.92 0
5.071417 71 25.15 1
4.971201 66 28.56 0
5.001258 55 27.51 1
4.962845 74 26.18 1
5.117994 61 29.75 0
4.481872 63 30.56 1
4.957235 55 38.71 0
5.31812 76 26.22 0
5.009301 73 27.19 0
4.911183 70 20.74 1
4.672829 70 20.76 1
4.882802 71 23.65 1
4.859812 67 28.41 1
4.290459 54 39.01 1
5.304299 63 27.78 0
5.030438 73 22.63 0
5.090062 67 25.27 0
5.311234 58 29.18 0
4.906755 79 30.6 1
4.878246 70 32.72 1
4.808927 76 20.74 0
4.642466 72 27.05 0
5.132263 68 20.76 1
4.875197 73 24.34 0
4.807294 76 27.97 0
5.006627 71 36.22 1
4.882802 76 26.22 1
4.833102 67 39.2 0
5.115596 69 24.47 1
5.261653 57 41.5 0
4.912655 55 24.76 0
5.278115 59 30.94 0
4.570579 68 27.46 0
4.989071 73 22.2 0
4.902307 63 35.39 0
4.79082 68 31.48 1
4.64823 60 21.5 0
5.189618 66 28.57 0
5.53418 57 27.61 0
4.94307 67 36.34 1
5.314191 73 28.37 1
5.098646 61 26.85 1
5.129899 67 23.99 1
5.205105 59 25.7 0
4.885828 61 30.49 1
5.17615 70 26.43 0
4.384524 67 26.72 1
4.859812 74 29.01 0
4.94734 61 21.19 1
4.762174 57 32.81 0
4.775756 61 25.31 1
4.479607 57 30.97 0
4.951593 52 30.75 0
5.386328 64 17.87 0
5.185149 64 41.99 0
4.772378 50 33.86 1
4.743191 58 23.77 1
4.917057 67 23.82 1
5.165928 65 34.5 0
5.126342 67 28.69 0
4.980863 68 22.92 0
4.953006 76 32.04 0
5.014627 52 26.35 0
4.566429 57 19.74 1
4.364372 55 38.34 1
5.217107 64 22.62 0
4.92144 69 26.24 1
5.042134 51 21.64 1
4.646312 57 32.31 1
5.190732 72 19.87 1
4.698661 65 26.94 0
5.092522 72 24.83 0
4.927254 74 16.4 0
4.95864 68 31.08 0
5.03825 71 31.08 0
5.116795 63 25.27 0
5.186268 69 28.75 0
4.972587 79 21.21 0
4.687671 77 19.44 0
5.247024 55 28.51 0
4.584967 65 32.13 1
4.976734 55 23.74 0
4.696837 62 31.47 0
4.597138 71 29.89 1
5.403578 69 24.94 0
5.294309 73 23.22 0
4.683981 64 30.75 1
5.002603 63 29.12 1
4.734443 65 36.96 1
4.782479 67 24.41 1
4.807294 74 26.57 1
4.984976 67 26.84 0
5.238567 62 22.11 1
5.040841 61 38.01 0
5.263726 54 28.16 0
5.277094 61 32.11 0
5.313206 67 31.24 0
5.098646 71 25.29 0
4.628887 60 35.75 0
4.79082 56 23.97 1
4.777441 64 21.67 1
5.298317 63 25.53 1
4.864453 70 31.08 0
5.199601 64 24.55 0
5.159055 68 22.33 0
4.805659 61 36.07 1
5.375278 72 28.17 0
5.265794 64 28.75 0
4.878246 73 30.86 0
5.404478 71 29.22 0
5.052417 61 24.03 0
4.4613 61 37.12 1
4.997212 59 27.85 0
5.052417 70 19.55 0
5.119191 68 21.87 0
5.026509 67 27.4 0
5.116795 59 31.71 0
5.026509 56 37.13 0
5.161352 55 26.51 1
4.67656 62 34.31 0
4.876723 68 26.34 1
4.787492 71 33.65 1
4.906755 65 49.14 0
4.99315 57 26.43 0
4.799091 69 30.7 0
5.337538 59 24.64 0
4.930148 64 36.6 0
4.95864 60 24.92 0
5.125154 59 26.47 0
4.758749 67 32.34 1
5.126342 70 31.81 0
5.185149 70 37.42 0
5.206202 70 22.23 0
4.912655 63 18.08 0
4.615121 56 23.02 0
5.090062 60 32.04 0
4.989071 72 26.77 1
4.873669 72 27 0
4.797442 56 26.61 0
5.236442 60 29.49 0
5.299317 70 30.43 0
4.882802 70 28.82 1
5.011968 69 31.97 0
4.876723 64 30.52 0
4.59512 63 35.17 0
4.744932 63 25.54 0
5.145166 68 26.14 0
4.971201 67 31.73 0
4.980863 71 29.6 0
5.057519 65 30.24 0
5.049856 71 27.75 1
4.90082 62 28.58 0
4.905275 68 34.25 0
5.113192 60 26.18 0
4.994506 70 32.14 0
5.109575 68 29.66 0
5.119191 69 32.04 0
4.94734 62 35.18 0
5.132263 66 29.36 0
4.922896 73 28.93 0
4.659658 67 22.54 0
4.409155 59 34.81 0
5.65739 58 29.51 0
4.867534 62 31.09 0
4.89485 70 24.97 0
4.919981 71 34.59 0
5.114395 71 29.16 0
5.049856 65 24.16 1
5.26269 66 23.52 0
4.864453 66 26.6 0
4.570579 63 19.72 1
5.296315 68 31.85 0
5.31222 60 26.83 0
5.155601 67 23.51 1
5.073923 75 18.13 0
4.865995 64 28.23 0
4.856707 73 24.76 0
4.940213 74 31.8 1
4.825109 65 36.27 0
4.882802 61 30.08 1
5.115596 64 27.7 1
4.371976 67 29.09 0
5.107157 66 24.51 0
4.829912 75 24.88 1
4.736198 70 33.2 1
4.911183 60 22.72 1
4.772378 66 29.38 0
5.231109 56 30.38 0
5.019925 66 32.89 0
4.902307 66 32.54 1
4.873669 66 26.55 1
5.520661 59 25.2 1
4.682131 73 30.4 0
4.452019 67 27.37 1
5.179534 67 24.71 0
5.022564 70 28.37 1
5.208393 69 27.4 0
4.589041 63 31.24 1
4.99315 67 25.36 1
4.562263 71 27.35 0
4.859812 66 32.82 0
5.023881 63 23.84 0
4.879767 61 25.69 1
4.969813 63 27.37 0
5.003946 67 31.48 1
4.89485 59 37.96 1
4.867534 54 23.88 0
5.542831 54 32.84 1
5.184028 69 28.08 0
5.057519 67 29.28 0
4.744932 74 28.82 0
4.667206 71 23.5 0
5.111988 72 30.2 0
4.642466 62 29.27 1
4.90082 55 41.4 1
4.693181 66 27.54 1
5.131081 65 26.61 0
5.185149 63 26.78 1
5.033049 69 26.4 0
5.096201 70 25.15 0
5.126342 73 24.34 0
4.924351 68 30.6 0
5.014627 75 26.13 0
4.75359 58 28.89 1
4.800737 53 22.96 0
4.944495 66 24.59 0
5.120386 60 25.71 0
4.994506 63 24.42 0
5.389985 62 32.72 0
5.085124 65 29.55 0
4.940213 74 27.8 0
4.826712 66 30.04 0
5.007965 68 32.75 1
4.881286 67 23.86 0
4.80238 68 42.05 1
4.722064 78 23.98 0
4.915592 64 32.89 0
4.865995 57 24.02 1
4.917057 76 25.56 1
4.856707 58 40.62 0
4.748404 67 23.53 1
5.326905 59 29.37 0
4.891852 74 26.07 0
5.094976 63 35.2 0
5.181784 78 26.08 0
4.844187 68 24.71 1
4.515245 59 25.85 0
4.587006 77 26.44 1
4.938781 68 25.47 0
5.005288 79 25.8 0
4.909709 72 28.51 0
5.034352 57 26.75 0
4.869072 69 23.36 1
5.129899 65 28.8 1
5.018603 70 23.08 0
5.230039 72 26.43 0
5.015954 72 23.05 0
4.689511 56 25.71 0
4.391977 68 37.18 1
4.813809 78 22.29 0
5.009301 74 21.97 0
4.508659 68 28.07 0
5.066385 71 35 0
5.120386 68 27.13 0
4.698661 73 36.6 0
4.775756 76 33.68 0
5.260615 77 21.49 1
4.911183 65 34.26 0
4.765587 69 27.74 0
5.002603 71 30.08 1
4.872139 75 31.2 1
5.129899 78 37.41 0
5.422303 60 26.87 1
4.865995 74 29.86 1
4.669084 62 33.22 1
4.987708 77 20.78 0
5.092522 67 34.66 0
4.982236 78 22.57 0
4.720283 74 25.6 0
5.067646 78 26.42 0
4.411585 66 31.01 0
4.669084 62 36.13 1
4.762174 60 31.49 1
4.650144 64 33.23 0
4.741448 68 25.78 1
5.168209 69 28.45 1
5.109575 63 27.04 1
4.65396 64 25.87 0
5.325933 59 29.03 0
4.356709 58 35.7 0
4.558079 68 28.48 1
4.903792 69 29.97 0
4.371976 66 31.37 1
5.306286 78 29.14 0
5.302309 59 47.14 0
4.893352 75 21.69 0
5.168209 76 35.35 0
4.940213 63 37.35 0
4.578826 68 39.25 0
5.047289 69 25.98 0
4.713127 74 21.72 1
5.190732 78 29.86 0
4.938781 77 25.78 1
5.007965 57 22.7 0
5.304299 66 30.41 0
5.309257 74 26.72 1
5.175019 59 27.82 0
5.082646 63 51.47 0
4.945919 53 36.32 0
5.046002 76 24.24 0
4.969813 72 39.57 0
5.282188 68 27.79 0
5.061328 70 24.08 0
4.908233 50 27.9 0
4.847332 62 33.04 1
4.743191 76 30.04 0
4.828314 60 35.31 1
4.909709 72 34.87 0
4.426044 73 24.38 1
5.007965 79 21.66 0
3.996364 58 39.18 0
5.249127 75 20.81 0
4.805659 62 35.42 1
4.941642 71 28.51 1
5.323985 73 28.03 0
5.356586 66 31.27 0
4.718499 54 30.04 0
5.09375 68 24.76 0
4.982236 70 22.04 0
5.005288 64 36.03 1
4.817051 51 20.88 0
4.572647 59 28 1
4.729156 70 27.05 0
5.105945 77 28.13 1
4.890349 74 22.54 0
4.820282 54 26.83 1
5.345201 61 26.32 1
5.049856 57 26.99 0
5.120386 61 34.97 0
4.972587 67 23.75 0
5.098646 63 28.58 1
4.792479 77 29.44 1
5.046002 70 20.52 0
5.336576 57 33.42 0
5.210578 70 34.14 0
5.491414 68 40.21 0
5.627621 46 24.95 0
5.072671 70 26.84 0
5.168209 54 27.47 0
4.810557 64 28.3 0
4.785824 59 27.83 1
4.472781 65 36.11 1
4.521789 79 27.9 0
5.311234 73 23.54 0
5.066385 68 32.81 1
4.875197 73 25.36 0
4.743191 67 28.58 0
4.65396 73 24.02 1
5.221436 53 29.97 0
4.971201 75 24.51 0
4.925803 68 32.91 1
4.95864 65 26.56 0
5.025195 66 22.82 0
4.94876 61 24.38 0
4.853592 60 26.66 1
5.061328 66 22.36 1
5.150977 61 44.69 0
5.295313 69 22.58 1
4.903792 69 22.41 0
5.283204 68 31.37 0
5.276072 68 25.55 1
5.081404 63 24.85 0
4.795791 75 34 0
5.068904 60 29.3 0
5.051137 58 31.26 1
4.891852 61 37.79 1
4.8489 66 24.65 0
4.983607 68 28.06 0
5.207298 74 24.06 0
4.615121 67 27.57 1
4.774069 69 30.49 1
4.41401 66 25.86 0
4.842611 72 22.29 1
4.938781 55 28.54 0
4.982236 65 30.02 0
5.007965 68 28.25 0
4.820282 65 22.62 0
5.152135 68 22.55 0
5.240688 73 27.42 0
5.345201 72 33.37 0
4.972587 64 23.81 0
4.847332 68 22.82 1
4.927254 72 20.73 0
5.501258 63 33.54 0
5.091293 68 35.97 0
5.105945 62 26.07 0
4.872139 58 24.61 1
4.869072 72 33.42 0
4.876723 65 26 0
4.80238 71 19.84 0
4.611152 65 28.66 1
5.194067 68 23.92 0
5.091293 67 18.13 1
5.190732 55 24.92 1
4.730921 69 22.37 1
4.859812 68 24.21 0
4.526127 71 25.86 0
4.987708 56 29.86 0
4.777441 53 25.75 0
5.391808 59 24.5 0
5.009301 70 26.59 1
5.168209 72 32.87 0
4.70953 60 23.51 0
4.833102 63 37.11 0
5.212759 67 23.83 1
4.702297 70 23.2 1
5.065123 65 41.27 0
5.17162 65 42.46 0
4.751865 56 21.03 1
5.144 70 36.03 0
5.023881 69 26.68 1
4.80238 71 31.34 0
4.872139 64 38.7 0
4.484132 62 23.28 0
5.139322 64 32.53 0
5.4161 73 26.28 1
4.94734 62 28.64 0
4.965638 72 23.57 0
4.812184 70 26.3 1
4.924351 71 33.08 1
4.884316 60 30.16 1
5.157905 74 21.35 0
5.033049 60 27.88 0
4.780803 68 22.15 0
4.964242 69 27.2 0
4.763882 62 20.6 0
4.972587 59 24.92 0
4.71133 67 29.24 0
4.784153 64 26.42 0
5.109575 62 24.67 0
5.02913 56 37.79 0
4.872139 65 24.56 1
4.998563 64 30.54 0
4.723842 56 24.99 1
5.154447 54 29.4 0
4.99586 55 29.62 1
4.869072 61 30.99 0
4.94307 61 24.21 0
5.206202 64 35.05 0
4.837868 71 28.71 0
5.006627 77 27.06 0
5.196285 70 24.2 1
4.961445 67 30.06 1
4.940213 72 28.85 0
4.216562 63 23.9 1
4.804021 67 23.18 0
5.214936 61 29.36 0
5.197391 78 31.76 0
4.732684 71 25.46 1
4.67656 78 24.03 1
5.196285 69 31.72 1
4.925803 71 28.35 0
5.271973 70 20.95 0
4.624973 71 24.37 1
5.123964 78 23.86 0
4.859812 71 36.51 1
5.156754 65 34.94 0
5.135798 78 25.06 0
5.083886 69 29.04 0
4.564348 67 30.56 0
5.097424 64 34.82 1
4.628887 75 27.74 0
4.912655 73 25.32 0
5.196285 65 29.45 0
4.765587 67 25.68 1
4.888844 70 22.5 0
5.067646 67 28.01 1
5.237505 69 18.71 1
5.140493 62 23.21 0
4.683981 72 25.02 1
5.047289 58 33.62 1
4.41401 75 26.87 1
4.925803 69 30.16 0
5.001258 66 24.06 1
5.251226 71 32.71 0
4.795791 62 27.8 1
5.007965 61 27.02 0
4.765587 65 30.07 1
4.887337 58 27.93 0
4.919981 63 21.07 1
5.266827 56 30.98 0
5.741078 63 31.84 1
5.254365 73 33.88 0
5.144 65 23 1
4.564348 74 26.69 0
4.619073 65 21.58 0
5.111988 65 34.67 1
4.785824 75 23.99 0
5.263726 65 22.58 1
4.89485 67 28.08 0
5.131081 56 26.26 0
4.486387 71 28.49 1
4.928702 62 26.22 1
4.774069 65 25.45 0
5.062595 72 32.62 0
5.258536 69 26.25 0
4.663439 69 40.05 1
4.937347 66 26.42 1
4.797442 77 20.78 1
5.294309 61 27.09 0
4.829912 73 26.96 1
4.927254 77 24.33 0
4.52396 70 27.07 0
4.216562 68 30.52 1
5.198497 78 25.7 1
5.115596 72 20.96 0
5.013298 69 27.96 0
5.12158 61 25.18 0
4.953006 69 26.65 0
4.777441 66 26.36 1
5.216022 70 26.67 1
5.043425 72 33.26 0
4.837868 76 35.82 0
4.513055 67 30.08 1
4.85203 69 25.05 0
4.847332 71 24.51 0
5.149817 66 23.45 0
4.730921 71 25.49 0
4.922896 71 27.76 1
4.435567 70 19.79 1
5.116795 65 26.38 1
4.99315 63 23.41 0
4.67656 79 21.88 1
4.800737 63 25.85 0
4.659658 72 21.78 1
5.108367 56 27.58 0
4.772378 67 28.38 0
5.148657 58 31.28 0
5.273 74 32.82 0
5.511815 64 29.86 1
4.64823 59 34.17 1
4.999911 75 33.22 1
4.879767 70 24.24 1
4.632785 62 31.57 0
5.018603 61 34.9 1
5.01728 65 25.4 1
4.613138 65 44.26 1
4.394449 62 39.13 1
4.873669 69 37.24 0
4.89784 64 22.2 0
4.808927 67 30.84 1
5.206202 65 26.08 0
4.743191 48 29.83 0
5.202907 72 22.88 0
4.826712 74 23.12 1
4.70048 72 26.12 1
4.572647 72 24.82 1
4.624973 76 19.52 0
4.510860 67 33.48 1
4.750136 71 33.19 1
5.155601 54 27.93 0
4.90082 75 31.8 0
5.185149 75 23.77 0
4.725616 73 20.99 0
4.765587 72 37.03 1
4.584967 68 27.02 0
5.113192 73 25.87 0
4.826712 62 37.71 0
4.508659 70 29.47 1
4.955827 69 32.59 1
4.804021 79 22.46 1
4.99315 78 35.88 1
4.333361 72 25.16 0
4.490881 73 24.83 0
4.626932 66 27.22 0
4.338597 61 22.92 0
4.815431 66 28.9 1
5.036953 71 25.74 1
5.324959 67 24.25 0
4.782479 63 40.76 0
5.240688 68 18.3 0
5.047289 62 29.63 0
4.979489 69 29.18 1
4.876723 63 40.62 1
5.861356 61 28.22 1
4.933034 72 22.88 0
5.129899 71 30.89 1
5.111988 57 36.2 0
4.915592 78 23.63 1
5.044715 75 30.87 0
5.128715 77 39.01 0
4.999911 62 23.64 0
4.394449 64 29.55 1
4.911183 67 26.69 1
4.678421 65 32.42 1
4.696837 78 23.02 1
4.661551 71 26.14 1
4.885828 72 38.82 0
5.034352 71 31.68 0
4.79082 72 31.02 0
4.919981 63 49.46 0
4.859812 62 24.57 1
5.123964 69 29.76 0
5.147494 75 25.91 0
4.207673 79 23.63 0
5.367843 73 26.99 1
5.02913 72 34.28 0
4.630838 69 24.7 1
5.25541 76 25.34 1
4.914124 72 31.53 1
4.693181 72 25.1 0
5.165928 78 23.07 1
4.935912 70 30.35 1
5.452754 57 28.41 0
4.804021 79 15.49 0
5.120386 76 31.21 0
4.587006 59 32.04 0
4.678421 74 24.56 1
4.825109 64 29.3 1
4.951593 65 29.26 1
5.071417 75 26.56 0
5.307277 54 35.13 0
5.113192 65 29.32 0
4.911183 68 21.16 0
4.922896 69 31.23 1
5.015954 58 32.82 0
4.716712 64 27.09 1
4.820282 65 27.61 1
4.829912 67 25.58 1
4.603168 70 23.24 1
4.815431 71 28.62 0
4.566429 67 23.62 1
4.729156 70 24.93 1
5.010635 58 40.3 1
5.019925 59 30.54 0
4.925803 62 24.82 1
4.928702 70 22.95 1
5.053695 56 28.18 0
4.950177 69 31.49 0
4.737951 51 44.38 1
4.908233 67 30.01 1
4.433195 63 28.33 1
4.859812 63 30.88 1
4.504244 66 24.95 0
4.470495 76 21.07 0
4.642466 62 27.8 0
5.566052 61 29.32 0
4.760463 60 36.08 0
5.167069 70 34.59 0
4.661551 75 31.7 0
4.978112 70 23.02 0
4.744932 65 33.3 1
5.077671 66 40.03 0
4.957235 57 24.76 0
4.950177 70 26.5 0
4.919981 54 26.06 0
4.89485 65 29.37 1
5.156754 74 25.05 0
5.001258 63 19.42 0
4.927254 65 28.22 1
4.655863 58 30.33 0
4.853592 57 36.83 0
4.755313 53 31.55 0
4.729156 65 36.15 1
4.983607 64 24.29 0
5.132263 60 27.4 1
4.621044 66 30.55 0
4.914124 59 20.85 1
4.930148 65 26.66 1
5.547518 67 23.54 0
4.987708 66 31.88 0
5.241747 69 30.12 0
4.777441 57 31.63 0
4.510860 70 24.62 1
4.394449 63 33.56 0
4.965638 50 22.99 0
4.938781 63 22.87 0
4.638605 74 28.66 0
4.490881 70 22.54 0
4.915592 73 24.89 1
4.488636 65 24.47 1
5.187386 64 27.94 0
4.938781 64 23.84 0
4.973971 70 18.64 0
4.875197 73 33.09 1
5.170484 75 44.11 0
5.138149 70 31.25 0
5.015954 66 24.45 0
5.197391 67 29.75 0
5.116795 58 28.61 0
4.60517 52 26.86 0
4.887337 71 26.54 0
5.181784 62 35.77 0
4.823502 74 33.92 0
4.876723 61 27.25 0
4.986343 53 23.93 1
4.515245 63 35.47 0
4.831509 61 39.62 0
5.199601 76 28.92 1
5.085124 77 24.73 0
4.428433 76 29.06 0
4.869072 61 25.48 0
4.813809 69 18.39 0
5.135798 70 26.31 1
5.104733 60 21.91 1
4.841033 68 21.1 0
4.982236 60 23.24 0
4.670958 60 34.66 0
4.969813 66 36 0
4.964242 57 32.83 1
4.931592 61 21.43 0
5.440685 69 24.4 0
4.94876 62 31.52 0
5.098646 75 26.72 1
4.887337 68 28.3 0
5.126342 71 30.18 0
5.247024 64 27.8 0
4.779123 65 24.75 1
5.08883 61 27.95 1
4.972587 76 29.41 1
5.040841 60 23 0
5.061328 58 41.73 0
4.879767 76 24.81 0
5.213848 67 32.45 0
4.45667 69 38.71 1
5.101085 60 24.56 0
4.566429 68 23.5 1
4.902307 57 29.57 1
4.560173 66 18.75 0
4.813809 63 34.71 1
4.89485 73 32.13 0
4.739701 78 27.28 0
4.722064 71 30.94 0
5.033049 71 25.43 0
5.031744 76 27.91 0
5.109575 72 27.06 0
4.861362 77 23.34 1
4.810557 69 26.2 1
5.105945 73 30.12 0
4.915592 69 28.98 0
5.267858 72 35.03 0
4.401829 71 21.15 0
4.558079 63 33.09 1
4.536891 76 24.64 1
5.173887 74 31.82 0
4.650144 75 40.18 0
5.090062 72 25.9 0
4.805659 73 23.18 1
4.744932 61 30.69 1
4.888844 70 29.41 0
4.765587 56 23.23 0
5.241747 72 18.82 0
4.65396 71 21.86 1
4.433195 52 28.42 1
4.377014 74 27.98 1
5.371568 72 23.68 1
5.111988 68 35.78 0
5.066385 64 26.45 0
5.120386 74 30 0
5.138149 61 39.64 0
5.117994 75 27.9 1
4.836282 72 24.05 1
5.187386 61 35.26 1
5.294309 70 33.55 0
4.847332 71 23.38 1
5.08883 74 18.2 0
4.930148 71 25.94 0
4.873669 58 22.58 0
4.361824 63 24.71 1
4.670958 64 22.42 1
5.120386 70 25.89 0
4.646312 69 25.16 1
4.850467 74 23.03 0
4.817051 72 31.36 0
4.820282 59 27.1 0
5.009301 62 28.68 0
4.693181 74 37.7 1
4.842611 70 28.47 0
4.826712 58 29.52 1
4.950177 65 24.94 1
5.057519 74 22.55 0
5.320079 72 36.09 0
5.292299 69 25.66 0
5.127529 70 26.38 0
4.979489 73 31.64 0
4.841033 58 34.91 1
4.382027 58 29.94 0
5.05879 74 26.62 1
4.795791 74 27.02 0
5.268889 72 27.36 1
4.833102 74 29.52 1
5.001258 62 24.44 0
4.691348 69 26.93 1
4.817051 61 23.34 1
5.053695 59 31.28 0
4.317488 54 38.14 1
5.077671 71 24.57 0
4.748404 67 30.86 1
4.80238 58 33.02 1
4.624973 64 22.83 0
5.054971 67 29.95 0
4.841033 71 21.6 1
4.750136 68 33.93 1
4.672829 64 32.15 1
4.982236 65 29.59 1
5.067646 63 35.83 0
4.826712 65 21.12 1
4.470495 60 23.26 1
5.257495 64 29.57 0
4.975353 70 29.47 0
4.626932 69 31.97 0
4.619073 71 30.75 0
5.03825 72 25.78 0
4.49981 75 37.07 1
4.859812 78 25.61 0
4.862908 69 23.36 1
5.133443 65 30.43 0
4.908233 55 27.51 0
4.872139 71 25.47 0
5.372497 70 22.92 0
4.964242 66 19.91 0
4.991792 69 23.51 0
4.853592 64 23.15 0
4.815431 63 29.73 0
5.155601 62 25.2 0
5.02782 61 26.4 1
5.333685 61 25.4 1
4.905275 78 29.3 1
4.751865 76 27.47 1
5.202907 79 28.5 0
5.32301 68 33.01 0
5.001258 63 22.68 0
4.667206 62 24.36 1
4.714921 77 25.8 1
5.225747 72 32.45 0
5.006627 69 29.93 0
5.538121 63 36.24 0
4.930148 76 25.68 0
5.169347 71 30.22 1
4.463607 73 35.41 1
5.133443 72 37.97 0
4.442651 55 26.34 0
4.836282 70 26.56 1
4.65396 70 38.25 1
4.841033 69 26.65 1
5.154447 56 18.37 1
5.042134 62 28.5 0
4.967032 74 36.2 0
4.862908 75 18.05 0
5.335613 62 27.63 0
4.743191 76 26.33 0
4.532599 64 30.6 0
4.351567 70 25.97 0
5.225747 51 24.15 0
5.054971 73 37.07 1
4.998563 69 38.39 0
4.587006 65 21.58 1
4.935912 75 19.71 0
4.617099 78 27.36 1
4.94876 63 37.37 0
4.767289 66 39.03 0
5.380819 65 35.57 0
5.062595 77 26.94 0
5.408964 71 25.2 0
4.810557 79 29.01 1
5.031744 72 34.31 1
4.872139 78 33.09 0
5.140493 77 31.44 1
5.608006 79 30.3 0
4.89784 73 29.04 0
4.619073 60 35.42 0
5.030438 69 27.3 0
5.196285 77 35.11 0
5.05879 76 24.84 1
4.730921 73 22.77 1
4.94876 71 23.81 0
4.231204 70 28.8 1
5.009301 75 24.45 0
5.308268 71 29.29 0
4.702297 78 35.66 0
4.063885 69 24.62 0
5.001258 73 30.83 1
5.087596 73 23.48 1
5.426711 71 25.04 0
5.051137 71 25.74 1
4.878246 72 26.84 1
4.859812 71 36.71 0
4.774069 79 25.87 0
4.89485 75 24.32 1
4.785824 55 25.95 1
4.504244 68 36.97 1
4.89485 63 25.28 1
4.805659 72 27.66 0
5.019925 72 32.16 1
4.564348 68 21.49 1
4.990433 71 22.82 0
5.42142 58 29.47 1
5.191845 58 21.26 0
5.078917 73 39.47 1
5.040841 69 30.08 0
4.799091 72 41.84 1
5.052417 50 21.23 0
5.373425 63 33.64 0
5.197391 70 29.51 0
4.672829 72 24.27 0
4.541165 67 29.45 0
4.983607 65 40.13 0
5.172754 72 22.1 0
4.797442 64 44.47 0
4.839451 65 29.93 1
4.317488 75 20.23 0
5.104733 71 29.3 0
4.71133 74 34.2 0
4.775756 68 18.69 0
4.930148 56 34.98 0
4.944495 67 26.17 0
4.789157 59 32.47 1
4.805659 62 27.43 0
5.090062 69 23.95 1
5.049856 69 26.03 0
5.328847 74 31.33 0
5.131081 74 24.46 0
4.90082 52 25.98 1
5.002603 70 27.14 0
5.170484 72 36.49 0
4.741448 65 24.61 1
5.033049 62 31.87 1
5.056246 72 27.5 0
5.360353 71 21.92 0
4.770685 55 36.62 0
5.102302 60 27.28 0
5.266827 71 29.92 0
4.817051 68 29.15 0
4.954418 61 20.83 0
5.563754 61 26.02 0
4.873669 62 29.76 1
5.276072 72 31.78 0
4.915592 73 26.67 1
5.125154 64 26.81 0
4.549657 69 40.18 1
5.162498 69 25.1 0
4.695011 58 27.25 1
4.587006 71 22.5 0
4.650144 67 42.01 0
5.144 66 31.52 0
5.410753 62 33.25 0
4.964242 79 31.79 0
4.870607 65 35.16 0
5.011968 56 44.31 0
4.547541 65 29.66 1
4.891852 60 44.18 1
4.841033 63 26.9 1
4.950177 71 25.07 1
5.098646 74 24.52 0
4.53903 64 29.16 0
4.680278 71 26.25 1
5.134621 62 34.13 0
5.225747 73 21.51 0
4.739701 67 40.23 1
5.092522 72 22.21 0
4.615121 60 35.32 0
5.044715 63 26.62 0
5.092522 64 26.52 0
5.141664 79 25.36 0
5.144 64 32.72 0
4.70411 65 32.96 1
4.828314 62 34.43 1
4.624973 68 30.58 1
4.784153 70 35.67 1
4.817051 61 23.76 0
5.238567 60 32.95 1
5.266827 65 26.62 0
5.02782 69 27.73 1
4.470495 57 41.19 0
5.181784 72 26.91 0
4.94307 59 29.09 0
4.869072 66 34.48 1
5.223594 74 32.98 0
4.961445 61 28.14 1
4.976734 57 22.91 0
4.60517 74 25.77 1
4.903792 64 35.38 1
4.65396 67 25.93 1
5.105945 60 25.12 0
5.067646 59 32.11 0
5.097424 79 35.34 0
5.031744 72 22.94 0
4.983607 70 36.07 1
5.25541 71 27.89 0
4.879767 76 22.47 1
5.148657 70 31.03 0
4.903792 60 25.55 0
4.463607 72 26.8 1
5.146331 65 19.95 0
4.875197 70 25.63 0
5.179534 66 28.51 0
4.975353 64 21.47 0
4.472781 65 25.25 1
4.869072 68 37.43 0
4.468204 67 29.48 1
5.17162 64 34.98 0
5.053695 74 25.5 1
5.054971 76 26.18 0
5.057519 75 38.21 1
4.757033 67 28.03 1
4.908233 69 38.14 0
5.34901 67 40.12 1
5.244917 78 33.07 0
4.682131 67 35.74 0
4.693181 67 22.54 1
4.477337 71 29.16 1
5.115596 68 30.99 1
4.526127 71 35.84 1
4.646312 74 17.56 1
5.023881 72 24.35 1
4.941642 72 26.25 0
4.765587 77 24.73 1
4.777441 73 24.42 0
4.975353 60 31.8 0
4.861362 67 21.59 0
5.103518 63 21.77 1
4.908233 62 23.09 0
4.94734 74 33.39 1
4.944495 75 26.59 1
5.056246 77 30.11 1
5.494706 59 31.67 0
4.597138 68 26.94 1
4.70411 72 32.31 0
5.104733 55 30.23 0
4.928702 66 30.86 1
5.172754 68 21.26 0
4.725616 76 27.97 0
4.750136 67 27.75 0
5.354698 61 28.96 0
4.437934 65 25.53 0
5.072671 56 35.96 0
4.808927 67 22.41 0
4.887337 66 29.05 1
5.092522 73 20.4 1
4.858261 62 42.27 0
5.393628 74 23.29 0
4.930148 58 27.08 0
5.068904 56 21.33 0
4.908233 58 43.49 0
5.101085 54 41.62 0
5.148657 66 26.44 1
5.426711 56 27.35 1
5.144 59 36.68 0
5.242805 60 27.44 1
5.019925 64 24.67 0
5.035653 62 25.64 1
4.831509 67 26.14 0
4.774069 70 30.6 1
5.202907 67 27.89 0
5.178407 55 32.23 0
5.68426 64 20.9 1
5.488111 65 28.18 0
5.085124 65 21.93 1
5.282188 59 27.02 0
5.023881 60 34.49 1
5.321057 56 22.15 0
5.163642 57 25.89 0
5.117994 66 29.17 0
5.177279 64 28.47 1
5.104733 67 35.49 0
5.288267 74 30.39 0
4.729156 69 33.53 0
5.034352 63 29.2 1
4.640537 63 34.87 1
4.751865 60 21.95 0
4.95864 57 25.51 0
4.541165 57 25.39 0
4.909709 58 28.46 0
4.865995 69 25.4 1
4.853592 74 24.33 0
5.057519 65 29.07 1
4.440296 72 31.93 1
4.519612 62 29.56 0
5.346155 62 27.23 0
4.859812 70 31.44 0
5.298317 55 40.2 0
4.562263 66 26.06 1
4.406719 72 30.97 0
4.931592 56 32.24 0
5.208393 75 28.7 1
5.342334 72 26.06 1
5.235378 68 30.36 0
4.70592 59 41.65 1
4.884316 69 48.7 0
4.99586 74 27.33 1
5.331752 63 29.92 0
4.768988 69 30.51 0
4.519612 62 34.31 0
5.098646 77 40.16 0
4.953006 75 28.5 1
5.284218 73 25.07 0
4.513055 71 37.17 1
5.342334 58 34.68 0
5.113192 67 26.4 0
5.018603 61 46.74 0
5.31812 55 26.64 0
5.003946 65 24.11 0
5.602119 55 29.65 0
5.046002 75 26.85 0
5.044715 78 22.95 1
4.925803 68 26.22 1
5.208393 62 27.28 0
5.157905 57 30.09 0
4.683981 68 33.94 1
4.986343 68 30.33 0
5.025195 59 25.03 0
4.714921 73 29.34 0
4.70048 61 38.77 1
4.695011 75 36.07 1
4.839451 68 29.94 1
5.219274 55 24.34 0
4.888844 57 40.37 1
4.984976 61 32.95 1
5.188503 77 30.26 0
4.818667 57 25.15 0
5.081404 68 35.92 1
5.201806 63 26.05 0
4.872139 62 32.03 0
5.238567 66 49.76 0
4.741448 77 36.75 0
4.922896 72 24.4 1
4.821893 69 21.27 0
4.64823 71 33.64 0
4.744932 66 27.24 1
4.584967 73 19.36 0
4.914124 66 25.72 0
5.104733 63 29.66 0
4.817051 57 26.39 1
4.999911 63 50 1
4.941642 73 31.84 1
5.192957 63 25.13 0
4.862908 68 27.69 1
5.202907 57 28.15 0
4.732684 67 28.27 0
5.179534 71 29.55 0
4.976734 59 37.81 0
4.572647 60 40.02 1
5.217107 60 38.82 0
4.961445 77 24.34 0
3.793239 67 26.81 0
4.945919 62 26.65 0
4.578826 76 25.13 1
4.945919 72 22.75 0
5.101085 71 25.4 0
4.975353 67 31.9 0
4.584967 69 25.2 1
4.572647 79 23.91 0
4.879767 78 23.26 0
4.65396 78 20.16 0
5.290285 79 25.23 0
4.775756 78 21.87 0
4.70953 76 21.68 0
4.983607 54 29.32 0
4.750136 70 25.16 0
4.99586 64 26.76 1
5.165928 70 31.55 0
5.273 66 30 1
4.940213 61 24.26 1
4.968423 64 20.18 0
5.206202 73 25.58 0
5.185149 53 28.58 0
5.336576 51 28.23 0
5.47395 65 35.13 0
5.113192 70 28.07 1
4.837868 59 27.92 0
5.299317 62 26.52 0
5.284218 79 28.01 0
4.714921 57 30.39 0
5.378975 73 33.25 0
4.763882 75 23.34 0
5.148657 75 34.17 0
4.437934 68 26.06 1
4.750136 73 24.24 1
4.317488 72 19.15 0
4.887337 66 28.27 0
4.729156 56 42.29 0
5.192957 57 20.93 1
4.85203 72 22.35 1
5.091293 61 29.09 1
4.817051 63 24.96 1
5.085124 58 22.6 0
5.241747 61 33.5 0
5.128715 68 28.48 0
4.875197 65 28.96 1
5.082646 58 37.84 1
5.200705 67 24.9 0
5.034352 59 37.79 1
5.025195 61 21.73 0
4.91852 65 27.91 1
5.091293 70 27.28 1
5.111988 64 28.4 1
5.047289 64 20.19 0
5.208393 67 27.87 1
4.853592 74 26.22 1
4.94876 67 25.64 0
5.003946 59 24.13 0
4.284965 68 29.58 1
4.847332 65 26.71 0
4.973971 55 27.17 1
4.795791 71 34.64 0
5.01728 72 24.48 0
5.125154 68 28.55 1
4.423648 57 36.51 1
4.65396 64 35.89 0
5.292299 65 28.39 0
4.940213 61 22.68 0
5.42759 66 33.29 0
5.042134 63 30.62 0
5.119191 71 25.62 0
4.864453 66 28.41 1
5.31222 61 22.94 0
5.337538 69 28.42 0
4.85515 69 25.97 1
5.02913 59 21.77 0
5.026509 67 28.58 0
4.833102 56 35.88 0
4.957235 54 24.33 1
4.813809 54 27.84 1
4.452019 71 24.64 1
5.062595 61 29.97 0
4.818667 65 23.45 0
4.813809 59 21.12 1
4.957235 56 28.59 1
5.117994 55 26.12 0
4.933034 69 31.09 0
4.713127 73 40.63 0
4.899331 72 29.3 1
5.353752 63 20.67 0
5.240688 59 31.6 0
5.013298 63 44.3 1
5.147494 76 36.51 0
3.908015 65 35.93 0
5.101085 73 23.92 1
5.043425 57 29.3 0
4.972587 67 26.48 0
4.837868 75 27.23 0
4.881286 79 25.79 0
4.972587 64 33.45 0
5.03825 68 40.39 0
5.128715 67 33.82 0
5.154447 60 43.91 0
5.123964 76 25.77 1
4.707727 78 26.24 0
5.022564 71 32.46 0
4.847332 70 31.54 0
5.090062 69 22.39 1
4.844187 62 28.2 1
5.011968 69 20.76 1
4.85515 70 28.46 0
4.967032 74 26.71 0
4.79082 75 25.17 0
4.553877 72 24.04 0
5.138149 71 30.11 0
4.986343 73 25.13 1
5.094976 63 22.04 0
5.125154 57 38.01 0
4.748404 62 46.98 1
4.665324 63 32.67 0
4.872139 62 30.19 0
5.320079 68 29.48 0
4.934474 66 28.22 0
5.092522 71 32.61 0
5.359412 63 27.15 0
4.472781 65 25.2 0
5.222516 75 48.42 0
4.931592 73 31.53 1
5.06006 76 24.9 0
5.181784 74 24.89 0
5.031744 73 19.79 1
4.837868 61 26.28 0
4.322807 78 25.52 0
4.979489 76 34.18 0
4.644391 74 23.92 1
4.304065 77 26.62 0
5.033049 70 31.73 1
5.235378 67 23.73 0
4.763882 71 28.92 1
4.789157 72 23.65 1
4.70048 68 25.48 1
4.976734 74 31.35 1
4.734443 74 18.92 0
4.409155 71 26.78 1
4.768988 72 39.78 0
5.268889 71 33.09 1
4.850467 64 26.89 0
5.374352 62 31.1 0
4.823502 71 37.56 0
4.79082 69 30.47 1
4.64823 75 19.88 1
4.406719 64 28.04 1
5.457029 66 30.16 1
5.136974 60 27.59 0
4.248495 71 18.85 0
5.136974 58 27.32 0
4.785824 67 28.39 0
5.021245 74 27.34 0
5.071417 70 20.41 0
4.794136 54 37.3 0
4.74667 70 22.15 1
4.521789 62 30.73 0
5.054971 66 33.44 0
4.826712 74 27.01 0
5.17162 71 30.19 0
4.53903 71 25.53 1
4.720283 74 23.46 1
4.954418 74 27.87 0
4.599152 73 23.54 1
5.107157 70 30.4 0
5.152135 79 21.33 0
4.799091 68 30.41 1
4.89485 57 32.36 1
4.650144 78 26.49 1
4.881286 59 39.44 1
5.013298 62 30.48 0
4.933034 61 49.51 1
5.154447 75 25.86 0
4.611152 70 21.78 1
5.310246 74 32.03 0
5.202907 65 31.11 1
4.792479 66 40.14 0
5.083886 70 24.82 0
4.951593 56 26.23 0
4.779123 57 29.17 1
5.248076 65 34.98 0
4.872139 76 26.4 0
4.915592 66 29.57 0
4.578826 59 31.13 0
4.812184 78 26.7 0
5.185149 67 28.89 0
4.750136 73 27.2 0
5.047289 66 42.51 1
5.015954 77 26.33 1
4.94734 66 26.93 1
5.044715 66 27.08 0
4.94876 59 32.85 0
5.256453 58 33.2 0
4.755313 72 26.92 0
4.642466 67 26.93 1
4.864453 71 26.28 1
4.927254 75 17.32 0
4.865995 66 22.71 0
5.198497 55 27.33 0
4.968423 61 37.57 0
5.164786 68 34.67 0
4.75359 64 34.66 0
5.432848 62 22.91 0
4.882802 75 36.32 0
4.601162 65 25.56 0
4.772378 64 30.67 0
4.836282 73 24.29 0
5.335613 73 30.3 0
5.161352 70 22 0
4.757033 70 22.18 0
4.954418 59 20.7 0
4.41401 76 22.97 0
5.521461 59 34.66 0
5.562219 63 21.11 0
4.896346 58 28.74 0
4.935912 70 37.57 0
4.971201 73 26.54 0
5.080161 63 30.29 0
5.152135 71 32.06 1
4.876723 75 28.75 0
4.856707 67 22.38 0
4.891852 72 32.61 0
5.072671 66 25.45 0
4.780803 79 28.71 1
5.164786 68 26.06 0
4.560173 57 29.1 1
5.009301 69 31.07 0
4.828314 63 22.87 1
5.173887 58 29.73 0
5.178407 70 37.72 0
4.853592 74 27.55 0
4.67656 62 27.47 0
4.789157 76 30.03 0
5.047289 60 30.27 0
5.054971 70 27.15 1
5.073923 73 30.56 0
4.810557 70 34.01 0
5.245971 78 35.13 0
4.885828 77 27.61 1
4.517431 77 29.3 1
4.922896 69 32.34 0
5.974827 71 37.34 0
5.033049 56 26.37 1
5.161352 67 35.39 0
4.534748 74 32.64 0
4.99315 75 24.51 0
4.361824 69 21.35 0
4.607168 78 26.44 1
4.508659 64 33.81 1
4.784153 77 22.89 1
4.969813 73 28.24 0
4.850467 68 36.31 0
4.775756 71 28.46 1
4.937347 61 21.92 0
5.200705 76 26.88 0
4.896346 58 42.52 0
4.779123 52 26.05 1
5.02782 73 27.68 1
5.076423 69 31.96 0
4.628887 68 32.64 0
4.775756 70 25.64 0
4.945919 59 33.02 0
4.70411 78 27.59 0
5.120386 68 38.53 0
4.739701 67 35.33 0
4.284965 64 29.08 1
4.736198 76 30.13 0
4.578826 60 21.84 0
4.967032 59 23.66 0
4.813809 72 28.18 0
4.976734 71 29.69 1
5.01728 65 28.57 0
4.231204 70 22.2 0
4.94734 66 23.28 0
5.078917 72 32.13 1
5.085124 76 24.67 0
4.541165 77 23.26 0
4.744932 78 22.87 1
4.768988 76 34.3 1
4.691348 65 25.64 1
4.998563 61 22.2 1
4.652054 69 25.67 0
4.268298 63 30.2 1
4.624973 74 28.65 1
4.723842 57 31.37 0
4.99586 75 26.09 0
4.787492 63 20.28 1
5.140493 77 39.62 0
4.689511 75 32.46 0
5.044715 60 31.66 0
4.67656 61 43.86 1
4.89485 67 28.47 1
5.066385 64 26.09 0
5.314191 71 36.4 0
4.777441 56 38.5 0
4.737951 68 43.5 1
4.70953 52 29.55 1
4.927254 60 26.21 0
5.139322 65 31.13 1
4.290459 51 29.65 0
4.91852 76 24.99 0
4.534748 68 32.22 1
5.044715 72 23.37 0
5.44932 68 23.41 0
5.047289 70 24.4 1
5.051137 68 27.47 0
5.006627 73 24.62 0
4.99315 76 33.91 1
5.002603 61 33.86 0
4.659658 74 28.9 1
5.047289 78 26.88 0
4.80238 77 19.11 0
5.338499 71 19.43 0
4.812184 67 30.08 0
5.59024 74 26.07 0
4.91852 72 24.36 0
5.019925 72 39.24 1
4.477337 73 18.25 0
4.689511 69 23.77 0
5.005288 77 20.54 0
4.935912 75 25.78 0
4.833102 74 30.6 0
5.104733 73 38.15 0
4.718499 55 36.13 0
5.051137 64 26.2 0
4.982236 68 39.23 0
4.902307 71 26.24 0
4.716712 77 29.3 0
4.67656 67 34.78 0
5.077671 73 23.69 0
4.986343 74 28.86 1
5.375278 76 39.65 0
4.905275 72 27.54 1
4.92144 76 27.52 0
5.187386 72 29.11 0
5.196285 72 20.34 0
5.06386 72 33.01 0
5.321057 77 29.99 0
5.094976 75 27.2 0
5.109575 71 29.15 1
4.997212 72 23.4 1
4.826712 75 28.86 1
4.89485 65 36.29 0
4.844187 59 28.76 1
5.391808 71 24.07 1
5.078917 53 35.09 0
4.409155 54 35.31 0
4.967032 71 30.04 0
5.219274 54 25.29 0
5.307277 45 38.83 0
4.458988 54 31.54 0
5.01728 45 38.98 0
5.02782 66 32.51 0
4.630838 63 23.31 0
5.659482 56 34 0
4.785824 78 28.85 0
5.441552 60 25.9 0
5.065123 74 20.09 0
4.794136 73 31.02 0
4.969813 67 30.52 1
4.915592 66 23.45 0
5.159055 63 27.42 1
4.609162 67 25.76 0
4.71133 68 35.64 1
4.010963 59 21.78 1
4.893352 68 27.59 1
4.71133 69 23.87 1
5.31222 70 33.06 0
5.213848 63 22.3 0
4.914124 75 26.48 0
4.869072 49 28.41 0
5.341377 68 23.8 0
4.744932 65 22.78 0
4.994506 58 33.94 0
5.201806 61 25.97 1
4.744932 67 25.22 0
4.957235 62 25.19 0
4.504244 70 38 0
4.447346 47 44.75 0
4.944495 62 20.36 0
5.046002 64 31.1 0
4.736198 67 21.99 1
4.797442 62 26.94 1
4.885828 58 25 0
5.248076 71 33.13 1
4.844187 61 27.66 0
4.683981 57 27.64 1
4.80238 61 29.26 0
5.249127 52 23.49 0
4.864453 63 25.55 1
4.976734 56 30.35 0
4.976734 72 30.16 1
4.685828 69 22.66 1
5.556828 75 24.31 1
4.59512 52 25.01 0
4.976734 61 30.89 0
5.071417 66 31.37 0
4.899331 66 28.51 0
5.140493 58 41.75 1
5.194067 59 27.47 1
5.17615 76 26.6 0
4.808927 62 27.7 0
4.845761 71 15.21 0
4.859812 64 23.24 1
5.578975 72 33.41 1
4.858261 76 23.93 0
4.899331 74 26.52 0
4.634729 78 28.9 1
4.751865 70 28.02 1
5.286245 75 32.96 0
4.621044 74 38.84 1
5.152135 76 36.21 0
5.132263 76 25.93 0
5.067646 70 28.18 0
4.265493 65 25.59 1
4.979489 61 23.98 0
4.748404 72 20.41 1
5.812936 76 25.62 0
4.683981 67 29.2 1
5.567581 64 31.94 0
5.300315 57 26.89 1
5.167069 72 29.34 0
5.190732 66 36.08 0
