1 24.0 32.0 39.0 42.5 48.0 54.5 61.0 65.0 72.0
2 22.5 30.5 40.5 45.0 51.0 58.5 64.0 72.0 78.0
3 22.5 28.0 36.5 41.0 47.5 55.0 61.0 68.0 76.0
4 24.0 31.5 39.5 44.5 51.0 56.0 59.5 64.0 67.0
5 24.5 31.5 37.0 42.5 48.0 54.0 58.0 63.0 65.5
6 23.0 30.0 35.5 41.0 48.0 51.5 56.5 63.5 69.5
7 22.5 28.5 36.0 43.5 47.0 53.5 59.5 67.5 73.5
8 23.5 30.5 38.0 41.0 48.5 55.0 59.5 66.5 73.0
9 20.0 27.5 33.0 39.0 43.5 49.0 54.5 59.5 65.0
10 25.5 32.5 39.5 47.0 53.0 58.5 63.0 69.5 76.0
11 24.5 31.0 40.5 46.0 51.5 57.0 62.5 69.5 76.0
12 24.0 29.0 39.0 44.0 50.5 57.0 61.5 68.0 73.5
13 23.5 30.5 36.5 42.0 47.0 55.0 59.0 65.5 73.0
14 21.5 30.5 37.0 42.5 48.0 52.5 58.5 63.0 69.5
15 25.0 32.0 38.5 44.0 51.0 59.0 66.0 75.5 86.0
16 21.5 28.5 34.0 39.5 45.0 51.0 58.0 64.5 72.5
